170          48          170          48
170          103          170          103
172          164          172          164
179          243          179          243
187          325          187          325
206          423          206          423
238          562          238          562
273          662          273          662
358          748          358          748
489          788          489          788
604          817          604          817
742          836          742          836
865          847          865          847
990          851          990          851
1110          844          1110          844
