152          52          152          52
169          98          169          98
170          162          170          162
175          216          175          216
181          282          181          282
194          359          194          359
215          462          215          462
237          549          237          549
264          637          243          694
307          711          308          711
384          757          384          757
476          785          476          785
655          824          655          824
789          842          789          842
913          850          913          850
1052          848          1052          848
1170          839          1170          839
1316          815          1316          815
1423          790          1423          790
1493          770          1493          770
1572          741          1572          741
1627          692          1627          692
1659          624          1659          624
1679          564          1679          564
1699          485          1699          485
1720          388          1720          388
1737          274          1737          274
1744          200          1744          200
1749          72          1749          72
1742          39          1767          24
1701          39          1675          31
1691          65          1696          108
1685          216          1685          216
1673          312          1673          312
1661          384          1661          384
1626          533          1626          533
1595          632          1595          632
1567          672          1567          672
1502          706          1502          706
1385          739          1385          739
1243          769          1243          769
1065          790          1065          790
879          790          879          790
776          783          776          783
585          752          585          752
414          705          414          705
351          672          351          672
316          614          316          614
278          478          278          478
252          358          252          358
234          218          234          218
229          148          229          148
227          85          271          58
213          39          213          39
